Chicken_Noodle_Soup = 1.0
Chobani_Yogurt = 1.0
Clif_Bar = 39.539781
Cobb_Salad = 1.0
Protein_Shake = 24.378021
OPT =  169.904611509
